1.053269052492257496e-01 -1.176857537161998701e+00 9.866288824164249904e-01 1.168236820308496737e+00 8.625869738460980596e-01 1.303258932303966278e+00 5.236434999909902466e-01 -1.030042755605467875e+00 6.615138613024437730e-02 2.866928130394525986e+00
-1.224876164856102179e+00 6.108587588063376650e-01 1.237439535007107017e+00 6.383909195014545457e-01 -4.691914902629598094e-01 -1.582250899317303450e-01 4.526395045006025852e-01 2.743310131922122586e-01 -6.772600929209096066e-01 -6.986804313604602079e-01
-4.102353973327211301e-01 -6.856280639720571113e-01 4.306454483130758293e-01 -7.208096497960145843e-01 -2.294742315874521432e-01 -3.063604661155892583e-01 -1.398095405429663485e+00 -3.091774956923614148e+00 -3.362453112005084899e-01 -1.133177034552295126e+00
-1.103664876767513014e+00 4.741679580058334037e-02 7.430389402750128269e-01 -5.029800992529545045e-01 -1.239583096362361081e+00 6.936388982723341590e-01 -8.514997760463169918e-01 -5.643691619074983068e-01 -8.710676480464116800e-01 -4.944724269121567595e-01
1.780563653727631923e+00 1.779138393282880815e-01 -2.431896157418205473e-01 1.686675473502909695e+00 -1.377512569752922245e-01 -1.297353383681469463e+00 -2.350176535544893155e-02 -2.027512792349357371e-02 1.141359119445631620e+00 5.991931473726715973e-01
-5.403258131372038475e-01 3.603566095341958486e-01 -8.471527650857946234e-01 -7.428157293403021555e-01 -7.676177853649722715e-01 1.968891493402575299e-01 5.292009423405620305e-01 -1.637881826928759610e+00 4.572121867807407147e-01 -1.184765329635723008e+00
1.340936749258515581e+00 -1.391755427046163840e+00 6.115178637238135595e-01 -3.741179697157243078e-01 -9.680752571513259186e-01 3.929059270601220066e-01 2.269727686268276645e-01 -8.684266873885754245e-01 1.337083726546683282e+00 4.882735832513444008e-01
5.158228468730572391e-01 1.211889020701341524e+00 -1.336328199108127897e-02 1.055522818633319426e+00 -1.256101205236451523e+00 -8.281238345735820738e-01 7.569308319004638963e-02 9.805464763453590471e-02 1.130593634373909806e+00 -3.887008729870784773e-02
1.173553853810247682e+00 5.700300228081597309e-01 -1.350223037673543125e+00 -6.515936178836638781e-01 3.463261667684358613e-01 -8.931573267494661295e-01 9.061184477225041611e-01 -5.770322329089401237e-01 -6.342138522395129874e-01 -3.015053918966217883e-01
1.216437042455513623e-01 -1.125933958393904449e-01 1.034742729182195065e-01 -3.350199345750728974e-01 6.221434370234028011e-01 7.354193734660977588e-01 4.113704339890713046e-01 -1.666499161044989297e+00 4.400248597841667220e-01 8.086858235981457810e-01
